0 0.455357 0.254464 0.410714 0.294643
0 0.450893 0.618304 0.437500 0.299107
0 0.404018 0.919643 0.388393 0.116071
1 0.022321 0.410714 0.035714 0.071429
1 0.020089 0.305804 0.031250 0.084821
1 0.180804 0.680804 0.093750 0.049107
1 0.194196 0.229911 0.093750 0.040179
1 0.183036 0.171875 0.107143 0.031250
2 0.154018 0.071429 0.183036 0.125000
2 0.593750 0.055804 0.205357 0.084821
2 0.881696 0.064732 0.200893 0.120536
2 0.803571 0.455357 0.142857 0.107143
2 0.839286 0.649554 0.071429 0.245536
2 0.109375 0.524554 0.165179 0.111607
